from sklearn import datasets
from sklearn import svm
digits = datasets.load_digits()

clf = svm.SVC(gamma=0.001, C=100.)

clf.fit(digits.data[:-1], digits.target[:-1])  


zero = [[ 0,  0,  2, 14, 13,  0,  0,  0,  0,  0, 10, 15, 15,  8,  0,  0,  0,  2,
 16,  7,  4, 15,  0,  0,  0,  4, 16,  4,  0, 13,  7,  0,  0,  4, 16,  1,
  0, 10,  8,  0,  0,  4, 16,  5,  1, 12, 11,  0,  0,  1, 15, 14, 13, 16,
  3,  0,  0,  0,  3, 12, 13,  5,  0,  0,]]



one = [[ 0,  0,  0,  0, 10, 13,  7,  0,  0,  0,  0,  5, 16, 16, 11,  0,  0,  0,
  4, 14, 16, 16,  7,  0,  0,  3, 14, 16, 16, 16,  4,  0,  0,  7, 16, 16,
 16, 16,  4,  0,  0,  0,  2, 13, 16, 16,  3,  0,  0,  0,  0, 11, 16, 16,
  0,  0,  0,  0,  0,  2, 13, 16,  1,  0,]]


two = [[ 0,  2, 15, 13,  0,  0,  0,  0,  0, 12, 16, 16,  3,  0,  0,  0,  0,  5,
 13, 16,  4,  0,  0,  0,  0,  0,  8, 16,  4,  0,  0,  0,  0,  0,  8, 16,
  4,  0,  0,  0,  0,  0, 12, 16,  0,  0,  0,  0,  0,  0, 16, 16, 16, 14,
  6,  0,  0,  1, 16, 16, 16, 12,  7,  0,]]


three = [[ 0,  0, 10, 16, 10,  1,  0,  0,  0,  6, 14,  6, 16,  3,  0,  0,  0,  5,
  4,  5, 15,  0,  0,  0,  0,  0,  0, 12, 14,  1,  0,  0,  0,  0,  0,  3,
 11, 15,  1,  0,  0,  0,  0,  0,  0, 10,  8,  0,  0,  0,  9,  8,  8, 15,
  6,  0,  0,  0,  9, 15, 15,  9,  0,  0,]]


four = [[ 0,  0,  0,  3, 13,  1,  0,  0,  0,  0,  0,  8, 16,  3,  0,  0,  0,  0,
  1, 15, 16,  4,  0,  0,  0,  0,  8, 16, 16,  1,  0,  0,  0,  2, 16, 14,
 16,  5,  1,  0,  0, 11, 16, 16, 16, 16, 10,  0,  0,  5,  8, 11, 16,  4,
  1,  0,  0,  0,  0,  2, 16,  2,  0,  0,]]


five = [[ 0,  0, 13, 16, 12,  7,  0,  0,  0,  4, 16, 15, 12, 12,  3,  0,  0,  4,
 16,  5,  0,  0,  0,  0,  0,  3, 16,  9,  0,  0,  0,  0,  0,  0, 15, 16,
  2,  0,  0,  0,  0,  0,  4, 16, 14,  0,  0,  0,  0,  1,  9, 14, 16,  0,
  0,  0,  0,  1, 13, 16, 10,  0,  0,  0,]]



size = [[ 0,  0,  3, 15,  4,  0,  0,  0,  0,  0, 12, 16,  2,  0,  0,  0,  0,  1,
 16,  7,  1,  0,  0,  0,  0,  3, 16,  1,  6,  1,  0,  0,  0,  3, 15,  8,
 12, 13,  3,  0,  0,  2, 16,  2,  0,  7, 12,  0,  0,  0, 13,  9,  4,  9,
 15,  0,  0,  0,  3, 13, 16, 15,  5,  0,]]


seven = [[ 0,  0,  9, 15, 16,  5,  0,  0,  0,  0, 16, 16, 16, 13,  0,  0,  0,  0,
  0,  3, 16, 11,  0,  0,  0,  0,  2,  7, 16, 13, 10,  0,  0,  2, 15, 16,
 16, 12,  4,  0,  0,  3, 13, 16, 10,  0,  0,  0,  0,  0,  7, 16,  2,  0,
  0,  0,  0,  0, 12, 13,  0,  0,  0,  0,]]


eight = [[ 0,  0, 10, 14,  8,  1,  0,  0,  0,  2, 16, 14,  6,  1,  0,  0,  0,  0,
 15, 15,  8, 15,  0,  0,  0,  0,  5, 16, 16, 10,  0,  0,  0,  0, 12, 15,
 15, 12,  0,  0,  0,  4, 16,  6,  4, 16,  6,  0,  0,  8, 16, 10,  8, 16,
  8,  0,  0,  1,  8, 12, 14, 12,  1,  0,]]


nine = [[ 0,  0,  7, 16, 11,  1,  0,  0,  0,  1, 15, 12, 12, 12,  0,  0,  0,  2,
 16,  2,  6, 16,  2,  0,  0,  1, 16,  6,  6, 16,  6,  0,  0,  0,  7, 16,
 15, 16,  9,  0,  0,  0,  0,  0,  0, 12, 11,  0,  0,  0,  3,  3,  6, 16,
  5,  0,  0,  0,  8, 16, 14,  6,  0,  0,]]

example = [[ 16,  0, 10, 16,  8,  1,  0,  0,  16,  2, 16, 14,  6,  1,  0,  16,  16,  0,
  15, 15,  8, 15,  0,  0,  16,  0,  5, 16, 16, 10,  0,  16,  0,  0, 12, 15,
  15, 12,  0,  0,  0,  4, 16,  6,  4, 16,  6,  16,  16,  8, 16, 10,  16, 16,
   8,  16,  0,  1,  8, 12, 14, 12,  1,  16,]]



clf.predict(zero)
